Year	Total	Winter	Spring	Summer	Autumn
1900	1524.0	630.0	594.0	45.0	255.0
1901	1644.0	717.0	642.0	41.0	244.0
1902	1548.0	689.0	490.0	25.0	344.0
1903	1375.0	557.0	670.0	11.0	137.0
1904	1592.0	858.0	432.0	47.0	255.0
1905	1692.0	637.0	762.0	28.0	265.0
1906	1576.0	624.0	628.0	16.0	308.0
1907	1324.0	520.0	506.0	31.0	267.0
1908	1506.0	722.0	566.0	19.0	199.0
1909	1499.0	677.0	568.0	9.0	245.0
1910	1531.0	671.0	504.0	36.0	320.0
1911	1366.0	472.0	451.0	40.0	403.0
1912	1587.0	841.0	522.0	44.0	180.0
1913	1694.0	800.0	579.0	39.0	276.0
1914	1334.0	450.0	596.0	30.0	258.0
1915	1614.0	845.0	555.0	14.0	200.0
1916	1180.0	507.0	341.0	10.0	322.0
1917	1147.0	709.0	283.0	31.0	124.0
1918	1632.0	718.0	620.0	39.0	255.0
1919	1574.0	820.0	436.0	38.0	280.0
1920	1480.0	601.0	457.0	45.0	377.0
1921	1591.0	638.0	654.0	16.0	283.0
1922	1513.0	430.0	655.0	36.0	392.0
1923	1607.0	608.0	648.0	29.0	322.0
1924	1657.0	868.0	451.0	39.0	299.0
1925	1454.0	726.0	338.0	22.0	368.0
1926	1714.0	606.0	658.0	23.0	427.0
1927	1335.0	520.0	492.0	26.0	297.0
1928	1279.0	437.0	435.0	15.0	392.0
1929	1551.0	560.0	700.0	17.0	274.0
1930	1614.0	727.0	601.0	24.0	262.0
1931	1719.0	732.0	649.0	56.0	282.0
1932	1917.0	831.0	790.0	49.0	247.0
1933	1350.0	617.0	491.0	20.0	222.0
1934	1670.0	681.0	639.0	17.0	333.0
1935	1382.0	644.0	375.0	49.0	314.0
1936	1326.0	516.0	464.0	29.0	317.0
1937	1490.0	700.0	598.0	15.0	177.0
1938	1457.0	559.0	531.0	21.0	346.0
1939	1675.0	794.0	503.0	30.0	348.0
1940	1373.0	632.0	424.0	24.0	293.0
1941	1452.0	583.0	539.0	28.0	302.0
1942	1362.0	687.0	368.0	27.0	280.0
1943	1607.0	686.0	533.0	36.0	352.0
1944	1458.0	712.0	423.0	28.0	295.0
1945	1501.0	601.0	591.0	24.0	285.0
1946	1685.0	824.0	496.0	36.0	329.0
1947	1496.0	622.0	469.0	25.0	380.0
1948	1210.0	547.0	423.0	19.0	221.0
1949	1574.0	730.0	470.0	43.0	331.0
1950	1079.0	436.0	379.0	32.0	232.0
1951	1405.0	680.0	388.0	28.0	309.0
1952	1544.0	534.0	657.0	35.0	318.0
1953	1539.0	734.0	487.0	17.0	301.0
1954	1363.0	609.0	419.0	37.0	298.0
1955	1705.0	804.0	534.0	21.0	346.0
1956	1453.0	533.0	533.0	27.0	360.0
1957	1597.0	620.0	605.0	22.0	350.0
1958	1506.0	609.0	566.0	44.0	287.0
1959	1552.0	790.0	451.0	34.0	277.0
1960	1325.0	522.0	487.0	19.0	297.0
1961	1101.0	448.0	342.0	27.0	284.0
1962	1613.0	885.0	398.0	53.0	277.0
1963	1573.0	741.0	543.0	24.0	265.0
1964	1410.0	557.0	556.0	18.0	279.0
1965	1289.0	500.0	436.0	44.0	309.0
1966	1445.0	648.0	425.0	28.0	344.0
1967	1268.0	648.0	357.0	35.0	228.0
1968	1421.0	491.0	535.0	10.0	385.0
1969	1610.0	501.0	710.0	32.0	367.0
1970	1393.0	748.0	343.0	29.0	273.0
1971	1771.0	750.0	610.0	38.0	373.0
1972	1519.0	665.0	569.0	6.0	279.0
1973	1251.0	475.0	481.0	30.0	265.0
1974	1764.0	828.0	647.0	32.0	257.0
1975	1361.0	587.0	377.0	22.0	375.0
1976	1378.0	632.0	448.0	30.0	268.0
1977	1399.0	471.0	487.0	46.0	395.0
1978	1563.0	681.0	558.0	24.0	300.0
1979	1795.0	784.0	615.0	43.0	353.0
1980	1548.0	651.0	556.0	31.0	310.0
1981	1566.0	776.0	449.0	19.0	322.0
1982	1625.0	656.0	613.0	29.0	327.0
1983	1113.0	579.0	317.0	10.0	207.0
1984	1530.0	711.0	539.0	27.0	253.0
1985	1750.0	686.0	679.0	24.0	361.0
1986	1433.0	632.0	586.0	24.0	191.0
1987	1179.0	447.0	409.0	0.0	323.0
1988	1596.0	696.0	631.0	33.0	236.0
1989	1069.0	482.0	429.0	18.0	140.0
1990	1483.0	550.0	623.0	42.0	268.0
1991	1529.0	712.0	545.0	50.0	222.0
1992	1247.0	648.0	404.0	21.0	174.0
1993	1345.0	624.0	368.0	22.0	331.0
1994	1445.0	600.0	523.0	19.0	303.0
1995	1487.0	578.0	588.0	32.0	289.0
1996	1360.0	593.0	587.0	13.0	167.0
1997	1212.0	382.0	459.0	31.0	340.0
1998	1662.0	844.0	532.0	26.0	260.0
1999	1429.0	560.0	472.0	22.0	375.0
2000	1421.0	766.0	386.0	22.0	247.0
2001	1550.0	808.0	472.0	49.0	221.0
2002	1484.0	648.0	597.0	34.0	205.0
2003	1499.0	634.0	597.0	26.0	242.0
2004	1344.0	646.0	448.0	29.0	221.0
2005	1299.0	621.0	376.0	39.0	263.0
2006	1478.0	572.0	626.0	37.0	243.0
2007	1190.0	352.0	456.0	45.0	337.0
2008	1512.0	677.0	504.0	27.0	304.0
2009	1256.0	596.0	431.0	28.0	201.0
2010	1608.0	610.0	697.0	13.0	288.0
2011	1592.0	577.0	642.0	11.0	362.0
2012	1595.0	817.0	588.0	49.0	141.0
2013	1454.0	760.0	350.0	45.0	299.0
2014	1388.0	575.0	537.0	33.0	243.0
2015	1698.0	769.0	609.0	38.0	282.0
2016	1402.0	492.0	614.0	33.0	263.0
2017	1253.0	442.0	428.0	31.0	352.0
2018	1281.0	607.0	475.0	30.0	169.0
2019	1693.0	718.0	551.0	25.0	399.0
2020	1491.0	757.0	485.0	10.0	239.0
Average Yearly Sum: 1475.4214876033059	
Year with lowest Precipitation: 1989 Precipitation: 1069.0	
Year with highest Precipitation: 1932 Precipitation: 1917.0	
Months with lowest precipitation:	
Month: June Value: 0.0 Years: ['1903', '1938', '1968', '1974', '1975', '1987', '1988', '2000', '2019']	
Month: July Value: 0.0 Years: ['1903', '1908', '1929', '1948', '1953', '1984', '1987', '1994', '1996', '2003']	
Month: August Value: 0.0 Years: ['1905', '1906', '1909', '1917', '1972', '1976', '1978', '1981', '1987']	
Month: September Value: 0.0 Years: ['1930', '1937', '1944', '2001']	
Months with highest precipitation:	
Month: April Value: 350.0 Years: ['1985']	
Season with lowest precipitation: Summer Year: 1987 Precipitation: 0.0	
Season with highest precipitation: Winter Year: 1962 Precipitation: 885.0	
Drought Years:	
1940, 1941, 1942, 1964, 1965, 1966, 1967, 1968, 1975, 1976, 1977, 1992, 1993, 1994, 2016, 2017, 2018	
